,Age,Encoder_sex,Encoder_ChestPainType,RestingBP,Cholesterol,FastingBS,Encoder_RestingECG,MaxHR,Encoder_ExerciseAngina,Oldpeak,Encoder_ST_Slope
0,40,1,1,140,289,0,1,172,0,0.0,2
1,49,0,2,160,180,0,1,156,0,1.0,1
2,37,1,1,130,283,0,2,98,0,0.0,2
3,48,0,0,138,214,0,1,108,1,1.5,1
4,54,1,2,150,195,0,1,122,0,0.0,2
5,39,1,2,120,339,0,1,170,0,0.0,2
6,45,0,1,130,237,0,1,170,0,0.0,2
7,54,1,1,110,208,0,1,142,0,0.0,2
8,37,1,0,140,207,0,1,130,1,1.5,1
9,48,0,1,120,284,0,1,120,0,0.0,2
10,37,0,2,130,211,0,1,142,0,0.0,2
11,58,1,1,136,164,0,2,99,1,2.0,1
12,39,1,1,120,204,0,1,145,0,0.0,2
13,49,1,0,140,234,0,1,140,1,1.0,1
14,42,0,2,115,211,0,2,137,0,0.0,2
15,54,0,1,120,273,0,1,150,0,1.5,1
16,38,1,0,110,196,0,1,166,0,0.0,1
17,43,0,1,120,201,0,1,165,0,0.0,2
18,60,1,0,100,248,0,1,125,0,1.0,1
19,36,1,1,120,267,0,1,160,0,3.0,1
20,43,0,3,100,223,0,1,142,0,0.0,2
21,44,1,1,120,184,0,1,142,0,1.0,1
22,49,0,1,124,201,0,1,164,0,0.0,2
23,44,1,1,150,288,0,1,150,1,3.0,1
24,40,1,2,130,215,0,1,138,0,0.0,2
25,36,1,2,130,209,0,1,178,0,0.0,2
26,53,1,0,124,260,0,2,112,1,3.0,1
27,52,1,1,120,284,0,1,118,0,0.0,2
28,53,0,1,113,468,0,1,127,0,0.0,2
29,51,1,1,125,188,0,1,145,0,0.0,2
30,53,1,2,145,518,0,1,130,0,0.0,1
31,56,1,2,130,167,0,1,114,0,0.0,2
32,54,1,0,125,224,0,1,122,0,2.0,1
33,41,1,0,130,172,0,2,130,0,2.0,1
34,43,0,1,150,186,0,1,154,0,0.0,2
35,32,1,1,125,254,0,1,155,0,0.0,2
36,65,1,0,140,306,1,1,87,1,1.5,1
37,41,0,1,110,250,0,2,142,0,0.0,2
38,48,0,1,120,177,1,2,148,0,0.0,2
39,48,0,0,150,227,0,1,130,1,1.0,1
40,54,0,1,150,230,0,1,130,0,0.0,2
41,54,0,2,130,294,0,2,100,1,0.0,1
42,35,1,1,150,264,0,1,168,0,0.0,2
43,52,1,2,140,259,0,2,170,0,0.0,2
44,43,1,0,120,175,0,1,120,1,1.0,1
45,59,1,2,130,318,0,1,120,1,1.0,1
46,37,1,0,120,223,0,1,168,0,0.0,2
47,50,1,1,140,216,0,1,170,0,0.0,2
48,36,1,2,112,340,0,1,184,0,1.0,1
49,41,1,0,110,289,0,1,170,0,0.0,1
50,50,1,0,130,233,0,1,121,1,2.0,1
51,47,0,0,120,205,0,1,98,1,2.0,1
52,45,1,1,140,224,1,1,122,0,0.0,2
53,41,0,1,130,245,0,1,150,0,0.0,2
54,52,0,0,130,180,0,1,140,1,1.5,1
55,51,0,1,160,194,0,1,170,0,0.0,2
56,31,1,0,120,270,0,1,153,1,1.5,1
57,58,1,2,130,213,0,2,140,0,0.0,1
58,54,1,0,150,365,0,2,134,0,1.0,2
59,52,1,0,112,342,0,2,96,1,1.0,1
60,49,1,1,100,253,0,1,174,0,0.0,2
61,43,0,2,150,254,0,1,175,0,0.0,2
62,45,1,0,140,224,0,1,144,0,0.0,2
63,46,1,0,120,277,0,1,125,1,1.0,1
64,50,0,1,110,202,0,1,145,0,0.0,2
65,37,0,1,120,260,0,1,130,0,0.0,2
66,45,0,0,132,297,0,1,144,0,0.0,2
67,32,1,1,110,225,0,1,184,0,0.0,2
68,52,1,0,160,246,0,2,82,1,4.0,1
69,44,1,0,150,412,0,1,170,0,0.0,2
70,57,1,1,140,265,0,2,145,1,1.0,1
71,44,1,1,130,215,0,1,135,0,0.0,2
72,52,1,0,120,182,0,1,150,0,0.0,1
73,44,0,0,120,218,0,2,115,0,0.0,2
74,55,1,0,140,268,0,1,128,1,1.5,1
75,46,1,2,150,163,0,1,116,0,0.0,2
76,32,1,0,118,529,0,1,130,0,0.0,1
77,35,0,0,140,167,0,1,150,0,0.0,2
78,52,1,1,140,100,0,1,138,1,0.0,2
79,49,1,0,130,206,0,1,170,0,0.0,1
80,55,1,2,110,277,0,1,160,0,0.0,2
81,54,1,1,120,238,0,1,154,0,0.0,2
82,63,1,0,150,223,0,1,115,0,0.0,1
83,52,1,1,160,196,0,1,165,0,0.0,2
84,56,1,0,150,213,1,1,125,1,1.0,1
85,66,1,0,140,139,0,1,94,1,1.0,1
86,65,1,0,170,263,1,1,112,1,2.0,1
87,53,0,1,140,216,0,1,142,1,2.0,1
88,43,1,3,120,291,0,2,155,0,0.0,1
89,55,1,0,140,229,0,1,110,1,0.5,1
90,49,0,1,110,208,0,1,160,0,0.0,2
91,39,1,0,130,307,0,1,140,0,0.0,2
92,52,0,1,120,210,0,1,148,0,0.0,2
93,48,1,0,160,329,0,1,92,1,1.5,1
94,39,0,2,110,182,0,2,180,0,0.0,2
95,58,1,0,130,263,0,1,140,1,2.0,1
96,43,1,1,142,207,0,1,138,0,0.0,2
97,39,1,2,160,147,1,1,160,0,0.0,2
98,56,1,0,120,85,0,1,140,0,0.0,2
99,41,1,1,125,269,0,1,144,0,0.0,2
100,65,1,0,130,275,0,2,115,1,1.0,1
101,51,1,0,130,179,0,1,100,0,0.0,2
102,40,0,0,150,392,0,1,130,0,2.0,1
103,40,1,0,120,466,1,1,152,1,1.0,1
104,46,1,0,118,186,0,1,124,0,0.0,1
105,57,1,1,140,260,1,1,140,0,0.0,2
106,48,0,0,120,254,0,2,110,0,0.0,2
107,34,1,1,150,214,0,2,168,0,0.0,2
108,50,1,0,140,129,0,1,135,0,0.0,2
109,39,1,1,190,241,0,1,106,0,0.0,2
110,59,0,1,130,188,0,1,124,0,1.0,1
111,57,1,0,150,255,0,1,92,1,3.0,1
112,47,1,0,140,276,1,1,125,1,0.0,2
113,38,1,1,140,297,0,1,150,0,0.0,2
114,49,0,2,130,207,0,2,135,0,0.0,2
115,33,0,0,100,246,0,1,150,1,1.0,1
116,38,1,0,120,282,0,1,170,0,0.0,1
117,59,0,0,130,338,1,2,130,1,1.5,1
118,35,0,3,120,160,0,2,185,0,0.0,2
119,34,1,3,140,156,0,1,180,0,0.0,1
120,47,0,2,135,248,1,1,170,0,0.0,1
121,52,0,2,125,272,0,1,139,0,0.0,2
122,46,1,0,110,240,0,2,140,0,0.0,2
123,58,0,1,180,393,0,1,110,1,1.0,1
124,58,1,1,130,230,0,1,150,0,0.0,2
125,54,1,1,120,246,0,1,110,0,0.0,2
126,34,0,1,130,161,0,1,190,0,0.0,2
127,48,0,0,108,163,0,1,175,0,2.0,2
128,54,0,1,120,230,1,1,140,0,0.0,2
129,42,1,2,120,228,0,1,152,1,1.5,1
130,38,1,2,145,292,0,1,130,0,0.0,2
131,46,1,0,110,202,0,1,150,1,0.0,1
132,56,1,0,170,388,0,2,122,1,2.0,1
133,56,1,0,150,230,0,2,124,1,1.5,1
134,61,0,0,130,294,0,2,120,1,1.0,1
135,49,1,2,115,265,0,1,175,0,0.0,1
136,43,0,1,120,215,0,2,175,0,0.0,2
137,39,1,1,120,241,0,2,146,0,2.0,2
138,54,1,0,140,166,0,1,118,1,0.0,1
139,43,1,0,150,247,0,1,130,1,2.0,1
140,52,1,0,160,331,0,1,94,1,2.5,1
141,50,1,0,140,341,0,2,125,1,2.5,1
142,47,1,0,160,291,0,2,158,1,3.0,1
143,53,1,0,140,243,0,1,155,0,0.0,2
144,56,0,1,120,279,0,1,150,0,1.0,1
145,39,1,0,110,273,0,1,132,0,0.0,2
146,42,1,1,120,198,0,1,155,0,0.0,2
147,43,0,1,120,249,0,2,176,0,0.0,2
148,50,1,1,120,168,0,1,160,0,0.0,2
149,54,1,0,130,603,1,1,125,1,1.0,1
150,39,1,1,130,215,0,1,120,0,0.0,2
151,48,1,1,100,159,0,1,100,0,0.0,2
152,40,1,1,130,275,0,1,150,0,0.0,2
153,55,1,0,120,270,0,1,140,0,0.0,2
154,41,1,1,120,291,0,2,160,0,0.0,2
155,56,1,0,155,342,1,1,150,1,3.0,1
156,38,1,0,110,190,0,1,150,1,1.0,1
157,49,1,0,140,185,0,1,130,0,0.0,2
158,44,1,0,130,290,0,1,100,1,2.0,1
159,54,1,1,160,195,0,2,130,0,1.0,2
160,59,1,0,140,264,1,0,119,1,0.0,1
161,49,1,0,128,212,0,1,96,1,0.0,1
162,47,1,1,160,263,0,1,174,0,0.0,2
163,42,1,1,120,196,0,1,150,0,0.0,2
164,52,0,1,140,225,0,1,140,0,0.0,2
165,46,1,3,140,272,1,1,175,0,2.0,1
166,50,1,0,140,231,0,2,140,1,5.0,1
167,48,1,1,140,238,0,1,118,0,0.0,2
168,58,1,0,135,222,0,1,100,0,0.0,2
169,58,1,2,140,179,0,1,160,0,0.0,2
170,29,1,1,120,243,0,1,160,0,0.0,2
171,40,1,2,140,235,0,1,188,0,0.0,2
172,53,1,1,140,320,0,1,162,0,0.0,2
173,49,1,2,140,187,0,1,172,0,0.0,2
174,52,1,0,140,266,0,1,134,1,2.0,1
175,43,1,0,140,288,0,1,135,1,2.0,1
176,54,1,0,140,216,0,1,105,0,1.5,1
177,59,1,1,140,287,0,1,150,0,0.0,2
178,37,1,2,130,194,0,1,150,0,0.0,2
179,46,0,0,130,238,0,1,90,0,0.0,2
180,52,1,0,130,225,0,1,120,1,2.0,1
181,51,1,1,130,224,0,1,150,0,0.0,2
182,52,1,0,140,404,0,1,124,1,2.0,1
183,46,1,0,110,238,0,2,140,1,1.0,1
184,54,0,1,160,312,0,1,130,0,0.0,2
185,58,1,2,160,211,1,2,92,0,0.0,1
186,58,1,1,130,251,0,1,110,0,0.0,2
187,41,1,0,120,237,1,1,138,1,1.0,1
188,50,0,0,120,328,0,1,110,1,1.0,1
189,53,1,0,180,285,0,2,120,1,1.5,1
190,46,1,0,180,280,0,2,120,0,0.0,2
191,50,1,1,170,209,0,2,116,0,0.0,2
192,48,1,1,130,245,0,1,160,0,0.0,2
193,45,1,2,135,192,0,1,110,0,0.0,2
194,41,0,1,125,184,0,1,180,0,0.0,2
195,62,0,3,160,193,0,1,116,0,0.0,2
196,49,1,0,120,297,0,1,132,0,1.0,1
197,42,1,1,150,268,0,1,136,0,0.0,2
198,53,1,0,120,246,0,1,116,1,0.0,1
199,57,0,3,130,308,0,1,98,0,1.0,1
200,47,1,3,110,249,0,1,150,0,0.0,2
201,46,1,2,120,230,0,1,150,0,0.0,2
202,42,1,2,160,147,0,1,146,0,0.0,2
203,31,0,1,100,219,0,2,150,0,0.0,2
204,56,1,1,130,184,0,1,100,0,0.0,2
205,50,1,0,150,215,0,1,140,1,0.0,2
206,35,1,1,120,308,0,0,180,0,0.0,2
207,35,1,1,110,257,0,1,140,0,0.0,1
208,28,1,1,130,132,0,0,185,0,0.0,2
209,54,1,0,125,216,0,1,140,0,0.0,1
210,48,1,0,106,263,1,1,110,0,0.0,1
211,50,0,2,140,288,0,1,140,1,0.0,1
212,56,1,2,130,276,0,1,128,1,1.0,2
213,56,0,2,130,219,0,2,164,0,0.0,2
214,47,1,0,150,226,0,1,98,1,1.5,1
215,30,0,3,170,237,0,2,170,0,0.0,2
216,39,1,0,110,280,0,1,150,0,0.0,1
217,54,1,2,120,217,0,1,137,0,0.0,2
218,55,1,1,140,196,0,1,150,0,0.0,2
219,29,1,1,140,263,0,1,170,0,0.0,2
220,46,1,0,130,222,0,1,112,0,0.0,1
221,51,0,0,160,303,0,1,150,1,1.0,1
222,48,0,2,120,195,0,1,125,0,0.0,2
223,33,1,2,120,298,0,1,185,0,0.0,2
224,55,1,1,120,256,1,1,137,0,0.0,2
225,50,1,0,145,264,0,1,150,0,0.0,1
226,53,1,2,120,195,0,1,140,0,0.0,2
227,38,1,0,92,117,0,1,134,1,2.5,1
228,41,1,1,120,295,0,1,170,0,0.0,2
229,37,0,0,130,173,0,2,184,0,0.0,2
230,37,1,0,130,315,0,1,158,0,0.0,2
231,40,1,2,130,281,0,1,167,0,0.0,2
232,38,0,1,120,275,0,1,129,0,0.0,2
233,41,1,0,112,250,0,1,142,0,0.0,2
234,54,0,1,140,309,0,2,140,0,0.0,2
235,39,1,1,120,200,0,1,160,1,1.0,1
236,41,1,0,120,336,0,1,118,1,3.0,1
237,55,1,3,140,295,0,1,136,0,0.0,1
238,48,1,0,160,355,0,1,99,1,2.0,1
239,48,1,0,160,193,0,1,102,1,3.0,1
240,55,1,1,145,326,0,1,155,0,0.0,2
241,54,1,0,200,198,0,1,142,1,2.0,1
242,55,1,1,160,292,1,1,143,1,2.0,1
243,43,0,1,120,266,0,1,118,0,0.0,2
244,48,1,0,160,268,0,1,103,1,1.0,1
245,54,1,3,120,171,0,1,137,0,2.0,2
246,54,1,2,120,237,0,1,150,1,1.5,1
247,48,1,0,122,275,1,2,150,1,2.0,0
248,45,1,0,130,219,0,2,130,1,1.0,1
249,49,1,0,130,341,0,1,120,1,1.0,1
250,44,1,0,135,491,0,1,135,0,0.0,1
251,48,1,0,120,260,0,1,115,0,2.0,1
252,61,1,0,125,292,0,2,115,1,0.0,2
253,62,1,1,140,271,0,1,152,0,1.0,2
254,55,1,0,145,248,0,1,96,1,2.0,1
255,53,0,2,120,274,0,1,130,0,0.0,2
256,55,0,1,130,394,0,0,150,0,0.0,2
257,36,1,2,150,160,0,1,172,0,0.0,2
258,51,0,2,150,200,0,1,120,0,0.5,2
259,55,0,1,122,320,0,1,155,0,0.0,2
260,46,1,1,140,275,0,1,165,1,0.0,2
261,54,0,1,120,221,0,1,138,0,1.0,2
262,46,1,0,120,231,0,1,115,1,0.0,1
263,59,1,0,130,126,0,1,125,0,0.0,1
264,47,1,2,140,193,0,1,145,1,1.0,1
265,54,1,1,160,305,0,1,175,0,0.0,2
266,52,1,0,130,298,0,1,110,1,1.0,1
267,34,1,1,98,220,0,1,150,0,0.0,2
268,54,1,0,130,242,0,1,91,1,1.0,1
269,47,0,2,130,235,0,1,145,0,2.0,1
270,45,1,0,120,225,0,1,140,0,0.0,2
271,32,0,1,105,198,0,1,165,0,0.0,2
272,55,1,0,140,201,0,1,130,1,3.0,1
273,55,1,2,120,220,0,0,134,0,0.0,2
274,45,0,1,180,295,0,1,180,0,0.0,2
275,59,1,2,180,213,0,1,100,0,0.0,2
276,51,1,2,135,160,0,1,150,0,2.0,1
277,52,1,0,170,223,0,1,126,1,1.5,1
278,57,0,0,180,347,0,2,126,1,0.8,1
279,54,0,1,130,253,0,2,155,0,0.0,2
280,60,1,2,120,246,0,0,135,0,0.0,2
281,49,1,0,150,222,0,1,122,0,2.0,1
282,51,0,2,130,220,0,1,160,1,2.0,2
283,55,0,1,110,344,0,2,160,0,0.0,2
284,42,1,0,140,358,0,1,170,0,0.0,2
285,51,0,2,110,190,0,1,120,0,0.0,2
286,59,1,0,140,169,0,1,140,0,0.0,2
287,53,1,1,120,181,0,1,132,0,0.0,2
288,48,0,1,133,308,0,2,156,0,2.0,2
289,36,1,1,120,166,0,1,180,0,0.0,2
290,48,1,2,110,211,0,1,138,0,0.0,2
291,47,0,1,140,257,0,1,135,0,1.0,2
292,53,1,0,130,182,0,1,148,0,0.0,2
293,65,1,0,115,0,0,1,93,1,0.0,1
294,32,1,3,95,0,1,1,127,0,0.7,2
295,61,1,0,105,0,1,1,110,1,1.5,2
296,50,1,0,145,0,1,1,139,1,0.7,1
297,57,1,0,110,0,1,2,131,1,1.4,2
298,51,1,0,110,0,1,1,92,0,0.0,1
299,47,1,0,110,0,1,2,149,0,2.1,2
300,60,1,0,160,0,1,1,149,0,0.4,1
301,55,1,1,140,0,0,2,150,0,0.2,2
302,53,1,0,125,0,1,1,120,0,1.5,2
303,62,0,0,120,0,1,2,123,1,1.7,0
304,51,1,0,95,0,1,1,126,0,2.2,1
305,51,0,0,120,0,1,1,127,1,1.5,2
306,55,1,0,115,0,1,1,155,0,0.1,1
307,53,1,1,130,0,0,2,120,0,0.7,0
308,58,1,0,115,0,1,1,138,0,0.5,2
309,57,1,0,95,0,1,1,182,0,0.7,0
310,65,1,0,155,0,0,1,154,0,1.0,2
311,60,1,0,125,0,1,1,110,0,0.1,2
312,41,1,0,125,0,1,1,176,0,1.6,2
313,34,1,0,115,0,1,1,154,0,0.2,2
314,53,1,0,80,0,0,1,141,1,2.0,0
315,74,1,1,145,0,1,2,123,0,1.3,2
316,57,1,2,105,0,1,1,148,0,0.3,1
317,56,1,0,140,0,1,1,121,1,1.8,2
318,61,1,0,130,0,1,1,77,0,2.5,1
319,68,1,0,145,0,1,1,136,0,1.8,2
320,59,1,2,125,0,1,1,175,0,2.6,1
321,63,1,0,100,0,1,1,109,0,-0.9,1
322,38,0,0,105,0,1,1,166,0,2.8,2
323,62,1,0,115,0,1,1,128,1,2.5,0
324,46,1,0,100,0,1,2,133,0,-2.6,1
325,42,1,0,105,0,1,1,128,1,-1.5,0
326,45,1,2,110,0,0,1,138,0,-0.1,2
327,59,1,0,125,0,1,1,119,1,0.9,2
328,52,1,0,95,0,1,1,82,1,0.8,1
329,60,1,0,130,0,1,2,130,1,1.1,0
330,60,1,2,115,0,1,1,143,0,2.4,2
331,56,1,0,115,0,1,2,82,0,-1.0,2
332,38,1,2,100,0,0,1,179,0,-1.1,2
333,40,1,0,95,0,1,2,144,0,0.0,2
334,51,1,0,130,0,1,1,170,0,-0.7,2
335,62,1,3,120,0,1,0,134,0,-0.8,1
336,72,1,2,160,0,0,0,114,0,1.6,1
337,63,1,0,150,0,1,2,154,0,3.7,2
338,63,1,0,140,0,1,0,149,0,2.0,2
339,64,0,0,95,0,1,1,145,0,1.1,0
340,43,1,0,100,0,1,1,122,0,1.5,0
341,64,1,0,110,0,1,1,114,1,1.3,0
342,61,1,0,110,0,1,1,113,0,1.4,1
343,52,1,0,130,0,1,1,120,0,0.0,1
344,51,1,0,120,0,1,1,104,0,0.0,1
345,69,1,0,135,0,0,1,130,0,0.0,1
346,59,1,0,120,0,0,1,115,0,0.0,1
347,48,1,0,115,0,1,1,128,0,0.0,1
348,69,1,0,137,0,0,2,104,1,1.6,1
349,36,1,0,110,0,1,1,125,1,1.0,1
350,53,1,0,120,0,1,1,120,0,0.0,1
351,43,1,0,140,0,0,2,140,1,0.5,2
352,56,1,0,120,0,0,2,100,1,-1.0,0
353,58,1,0,130,0,0,2,100,1,1.0,1
354,55,1,0,120,0,0,2,92,0,0.3,2
355,67,1,3,145,0,0,0,125,0,0.0,1
356,46,1,0,115,0,0,1,113,1,1.5,1
357,53,1,1,120,0,0,1,95,0,0.0,1
358,38,1,2,115,0,0,1,128,1,0.0,1
359,53,1,2,105,0,0,1,115,0,0.0,1
360,62,1,2,160,0,0,1,72,1,0.0,1
361,47,1,0,160,0,0,1,124,1,0.0,1
362,56,1,2,155,0,0,2,99,0,0.0,1
363,56,1,0,120,0,0,2,148,0,0.0,1
364,56,1,2,120,0,0,1,97,0,0.0,1
365,64,0,0,200,0,0,1,140,1,1.0,1
366,61,1,0,150,0,0,1,117,1,2.0,1
367,68,1,0,135,0,0,2,120,1,0.0,2
368,57,1,0,140,0,0,1,120,1,2.0,1
369,63,1,0,150,0,0,1,86,1,2.0,1
370,60,1,0,135,0,0,1,63,1,0.5,2
371,66,1,0,150,0,0,1,108,1,2.0,1
372,63,1,0,185,0,0,1,98,1,0.0,2
373,59,1,0,135,0,0,1,115,1,1.0,1
374,61,1,0,125,0,0,1,105,1,0.0,0
375,73,0,2,160,0,0,2,121,0,0.0,2
376,47,1,2,155,0,0,1,118,1,1.0,1
377,65,1,0,160,0,1,2,122,0,1.2,1
378,70,1,0,140,0,1,1,157,1,2.0,1
379,50,1,0,120,0,0,2,156,1,0.0,2
380,60,1,0,160,0,0,2,99,1,0.5,1
381,50,1,0,115,0,0,1,120,1,0.5,1
382,43,1,0,115,0,0,1,145,1,2.0,1
383,38,0,0,110,0,0,1,156,0,0.0,1
384,54,1,0,120,0,0,1,155,0,0.0,1
385,61,1,0,150,0,0,1,105,1,0.0,1
386,42,1,0,145,0,0,1,99,1,0.0,1
387,53,1,0,130,0,0,0,135,1,1.0,1
388,55,1,0,140,0,0,1,83,0,0.0,1
389,61,1,0,160,0,1,2,145,0,1.0,1
390,51,1,0,140,0,0,1,60,0,0.0,1
391,70,1,0,115,0,0,2,92,1,0.0,1
392,61,1,0,130,0,0,0,115,0,0.0,1
393,38,1,0,150,0,1,1,120,1,0.7,1
394,57,1,0,160,0,1,1,98,1,2.0,1
395,38,1,0,135,0,1,1,150,0,0.0,1
396,62,0,3,140,0,1,1,143,0,0.0,1
397,58,1,0,170,0,1,2,105,1,0.0,1
398,52,1,0,165,0,1,1,122,1,1.0,2
399,61,1,2,200,0,1,2,70,0,0.0,1
400,50,0,0,160,0,1,1,110,0,0.0,1
401,51,1,0,130,0,1,2,163,0,0.0,1
402,65,1,0,145,0,1,2,67,0,0.7,1
403,52,1,0,135,0,1,1,128,1,2.0,1
404,47,1,2,110,0,1,1,120,1,0.0,1
405,35,1,0,120,0,1,1,130,1,1.2,1
406,57,1,0,140,0,1,1,100,1,0.0,1
407,62,1,0,115,0,1,1,72,1,-0.5,1
408,59,1,0,110,0,1,1,94,0,0.0,1
409,53,1,2,160,0,1,0,122,1,0.0,1
410,62,1,0,150,0,1,2,78,0,2.0,1
411,54,1,0,180,0,1,1,150,0,1.5,1
412,56,1,0,125,0,1,1,103,1,1.0,1
413,56,1,2,125,0,1,1,98,0,-2.0,1
414,54,1,0,130,0,1,1,110,1,3.0,1
415,66,0,0,155,0,1,1,90,0,0.0,1
416,63,1,0,140,260,0,2,112,1,3.0,1
417,44,1,0,130,209,0,2,127,0,0.0,2
418,60,1,0,132,218,0,2,140,1,1.5,0
419,55,1,0,142,228,0,2,149,1,2.5,2
420,66,1,2,110,213,1,0,99,1,1.3,1
421,66,1,2,120,0,0,2,120,0,-0.5,2
422,65,1,0,150,236,1,2,105,1,0.0,1
423,60,1,2,180,0,0,2,140,1,1.5,1
424,60,1,2,120,0,1,1,141,1,2.0,2
425,60,1,1,160,267,1,2,157,0,0.5,1
426,56,1,1,126,166,0,2,140,0,0.0,2
427,59,1,0,140,0,0,2,117,1,1.0,1
428,62,1,0,110,0,0,1,120,1,0.5,1
429,63,1,2,133,0,0,0,120,1,1.0,1
430,57,1,0,128,0,1,2,148,1,1.0,1
431,62,1,0,120,220,0,2,86,0,0.0,2
432,63,1,0,170,177,0,1,84,1,2.5,0
433,46,1,0,110,236,0,1,125,1,2.0,1
434,63,1,0,126,0,0,2,120,0,1.5,0
435,60,1,0,152,0,0,2,118,1,0.0,2
436,58,1,0,116,0,0,1,124,0,1.0,2
437,64,1,0,120,0,1,2,106,0,2.0,1
438,63,1,2,130,0,0,2,111,1,0.0,1
439,74,1,2,138,0,0,1,116,0,0.2,2
440,52,1,2,128,0,0,2,180,0,3.0,2
441,69,1,0,130,0,1,2,129,0,1.0,1
442,51,1,0,128,0,1,2,125,1,1.2,1
443,60,1,0,130,186,1,2,140,1,0.5,1
444,56,1,0,120,100,0,1,120,1,1.5,1
445,55,1,2,136,228,0,2,124,1,1.6,1
446,54,1,0,130,0,0,2,117,1,1.4,1
447,77,1,0,124,171,0,2,110,1,2.0,2
448,63,1,0,160,230,1,1,105,1,1.0,1
449,55,1,2,0,0,0,1,155,0,1.5,1
450,52,1,2,122,0,0,1,110,1,2.0,0
451,64,1,0,144,0,0,2,122,1,1.0,1
452,60,1,0,140,281,0,2,118,1,1.5,1
453,60,1,0,120,0,0,1,133,1,2.0,2
454,58,1,0,136,203,1,1,123,1,1.2,1
455,59,1,0,154,0,0,2,131,1,1.5,2
456,61,1,2,120,0,0,1,80,1,0.0,1
457,40,1,0,125,0,1,1,165,0,0.0,1
458,61,1,0,134,0,1,2,86,0,1.5,1
459,41,1,0,104,0,0,2,111,0,0.0,2
460,57,1,0,139,277,1,2,118,1,1.9,1
461,63,1,0,136,0,0,1,84,1,0.0,1
462,59,1,0,122,233,0,1,117,1,1.3,0
463,51,1,0,128,0,0,1,107,0,0.0,2
464,59,1,2,131,0,0,1,128,1,2.0,0
465,42,1,2,134,240,0,1,160,0,0.0,2
466,55,1,2,120,0,0,2,125,1,2.5,1
467,63,0,1,132,0,0,1,130,0,0.1,2
468,62,1,0,152,153,0,2,97,1,1.6,2
469,56,1,1,124,224,1,1,161,0,2.0,1
470,53,1,0,126,0,0,1,106,0,0.0,1
471,68,1,0,138,0,0,1,130,1,3.0,1
472,53,1,0,154,0,1,2,140,1,1.5,1
473,60,1,2,141,316,1,2,122,1,1.7,1
474,62,1,1,131,0,0,1,130,0,0.1,2
475,59,1,0,178,0,1,0,120,1,0.0,1
476,51,1,0,132,218,1,0,139,0,0.1,2
477,61,1,0,110,0,1,1,108,1,2.0,0
478,57,1,0,130,311,1,2,148,1,2.0,1
479,56,1,2,170,0,0,0,123,1,2.5,1
480,58,1,1,126,0,1,1,110,1,2.0,1
481,69,1,2,140,0,1,2,118,0,2.5,0
482,67,1,3,142,270,1,1,125,0,2.5,2
483,58,1,0,120,0,0,0,106,1,1.5,0
484,65,1,0,134,0,0,1,112,1,1.1,1
485,63,1,1,139,217,1,2,128,1,1.2,1
486,55,1,1,110,214,1,2,180,0,0.4,2
487,57,1,0,140,214,0,2,144,1,2.0,1
488,65,1,3,140,252,0,1,135,0,0.3,2
489,54,1,0,136,220,0,1,140,1,3.0,1
490,72,1,2,120,214,0,1,102,1,1.0,1
491,75,1,0,170,203,1,2,108,0,0.0,1
492,49,1,3,130,0,0,2,145,0,3.0,1
493,51,1,2,137,339,0,1,127,1,1.7,1
494,60,1,0,142,216,0,1,110,1,2.5,1
495,64,0,0,142,276,0,1,140,1,1.0,1
496,58,1,0,132,458,1,1,69,0,1.0,0
497,61,1,0,146,241,0,1,148,1,3.0,0
498,67,1,0,160,384,1,2,130,1,0.0,1
499,62,1,0,135,297,0,1,130,1,1.0,1
500,65,1,0,136,248,0,1,140,1,4.0,0
501,63,1,0,130,308,0,1,138,1,2.0,1
502,69,1,0,140,208,0,2,140,1,2.0,1
503,51,1,0,132,227,1,2,138,0,0.2,2
504,62,1,0,158,210,1,1,112,1,3.0,0
505,55,1,2,136,245,1,2,131,1,1.2,1
506,75,1,0,136,225,0,1,112,1,3.0,1
507,40,1,2,106,240,0,1,80,1,0.0,2
508,67,1,0,120,0,1,1,150,0,1.5,0
509,58,1,0,110,198,0,1,110,0,0.0,1
510,60,1,0,136,195,0,1,126,0,0.3,2
511,63,1,0,160,267,1,2,88,1,2.0,1
512,35,1,2,123,161,0,2,153,0,-0.1,2
513,62,1,3,112,258,0,2,150,1,1.3,1
514,43,1,0,122,0,0,1,120,0,0.5,2
515,63,1,2,130,0,1,2,160,0,3.0,1
516,68,1,2,150,195,1,1,132,0,0.0,1
517,65,1,0,150,235,0,1,120,1,1.5,1
518,48,1,2,102,0,1,2,110,1,1.0,0
519,63,1,0,96,305,0,2,121,1,1.0,2
520,64,1,0,130,223,0,2,128,0,0.5,1
521,61,1,0,120,282,0,2,135,1,4.0,0
522,50,1,0,144,349,0,0,120,1,1.0,2
523,59,1,0,124,160,0,1,117,1,1.0,1
524,55,1,0,150,160,0,2,150,0,0.0,2
525,45,1,2,130,236,0,1,144,0,0.1,2
526,65,1,0,144,312,0,0,113,1,1.7,1
527,61,1,1,139,283,0,1,135,0,0.3,2
528,49,1,2,131,142,0,1,127,1,1.5,1
529,72,1,0,143,211,0,1,109,1,1.4,1
530,50,1,0,133,218,0,1,128,1,1.1,1
531,64,1,0,143,306,1,2,115,1,1.8,1
532,55,1,0,116,186,1,2,102,0,0.0,1
533,63,1,0,110,252,0,2,140,1,2.0,1
534,59,1,0,125,222,0,1,135,1,2.5,0
535,56,1,0,130,0,0,0,122,1,1.0,1
536,62,1,2,133,0,1,2,119,1,1.2,1
537,74,1,0,150,258,1,2,130,1,4.0,0
538,54,1,0,130,202,1,1,112,1,2.0,1
539,57,1,0,110,197,0,0,100,0,0.0,2
540,62,1,2,138,204,0,2,122,1,1.2,1
541,76,1,2,104,113,0,0,120,0,3.5,0
542,54,0,0,138,274,0,1,105,1,1.5,1
543,70,1,0,170,192,0,2,129,1,3.0,0
544,61,0,1,140,298,1,1,120,1,0.0,2
545,48,1,0,132,272,0,2,139,0,0.2,2
546,48,1,2,132,220,1,2,162,0,0.0,1
547,61,1,3,142,200,1,2,100,0,1.5,0
548,66,1,0,112,261,0,1,140,0,1.5,2
549,68,1,3,139,181,1,2,135,0,0.2,2
550,55,1,0,172,260,0,1,73,0,2.0,1
551,62,1,2,120,220,0,0,86,0,0.0,2
552,71,1,2,144,221,0,1,108,1,1.8,1
553,74,1,3,145,216,1,1,116,1,1.8,1
554,53,1,2,155,175,1,2,160,0,0.3,2
555,58,1,2,150,219,0,2,118,1,0.0,1
556,75,1,0,160,310,1,1,112,1,2.0,0
557,56,1,2,137,208,1,2,122,1,1.8,1
558,58,1,2,137,232,0,2,124,1,1.4,1
559,64,1,0,134,273,0,1,102,1,4.0,0
560,54,1,2,133,203,0,2,137,0,0.2,2
561,54,1,1,132,182,0,2,141,0,0.1,2
562,59,1,0,140,274,0,1,154,1,2.0,1
563,55,1,0,135,204,1,2,126,1,1.1,1
564,57,1,0,144,270,1,2,160,1,2.0,1
565,61,1,0,141,292,0,2,115,1,1.7,1
566,41,1,0,150,171,0,1,128,1,1.5,1
567,71,1,0,130,221,0,2,115,1,0.0,1
568,38,1,0,110,289,0,1,105,1,1.5,0
569,55,1,0,158,217,0,1,110,1,2.5,1
570,56,1,0,128,223,0,2,119,1,2.0,0
571,69,1,0,140,110,1,1,109,1,1.5,1
572,64,1,0,150,193,0,2,135,1,0.5,1
573,72,1,0,160,123,1,0,130,0,1.5,1
574,69,1,0,142,210,1,2,112,1,1.5,1
575,56,1,0,137,282,1,1,126,1,1.2,1
576,62,1,0,139,170,0,2,120,1,3.0,1
577,67,1,0,146,369,0,1,110,1,1.9,1
578,57,1,0,156,173,0,0,119,1,3.0,0
579,69,1,0,145,289,1,2,110,1,1.8,1
580,51,1,0,131,152,1,0,130,1,1.0,1
581,48,1,0,140,208,0,1,159,1,1.5,2
582,69,1,0,122,216,1,0,84,1,0.0,1
583,69,1,2,142,271,0,0,126,0,0.3,2
584,64,1,0,141,244,1,2,116,1,1.5,1
585,57,1,1,180,285,1,2,120,0,0.8,1
586,53,1,0,124,243,0,1,122,1,2.0,1
587,37,1,2,118,240,0,0,165,0,1.0,1
588,67,1,0,140,219,0,2,122,1,2.0,1
589,74,1,2,140,237,1,1,94,0,0.0,1
590,63,1,1,136,165,0,2,133,0,0.2,2
591,58,1,0,100,213,0,2,110,0,0.0,2
592,61,1,0,190,287,1,0,150,1,2.0,0
593,64,1,0,130,258,1,0,130,0,0.0,1
594,58,1,0,160,256,1,0,113,1,1.0,2
595,60,1,0,130,186,1,0,140,1,0.5,1
596,57,1,0,122,264,0,0,100,0,0.0,1
597,55,1,2,133,185,0,2,136,0,0.2,2
598,55,1,0,120,226,0,0,127,1,1.7,0
599,56,1,0,130,203,1,1,98,0,1.5,1
600,57,1,0,130,207,0,2,96,1,1.0,1
601,61,1,2,140,284,0,1,123,1,1.3,1
602,61,1,2,120,337,0,1,98,1,0.0,1
603,74,1,0,155,310,0,1,112,1,1.5,0
604,68,1,2,134,254,1,1,151,1,0.0,2
605,51,0,0,114,258,1,0,96,0,1.0,2
606,62,1,0,160,254,1,2,108,1,3.0,1
607,53,1,0,144,300,1,2,128,1,1.5,1
608,62,1,0,158,170,0,2,138,1,0.0,1
609,46,1,0,134,310,0,1,126,0,0.0,1
610,54,0,0,127,333,1,2,154,0,0.0,1
611,62,1,3,135,139,0,2,137,0,0.2,2
612,55,1,0,122,223,1,2,100,0,0.0,1
613,58,1,0,140,385,1,0,135,0,0.3,2
614,62,1,1,120,254,0,0,93,1,0.0,1
615,70,1,0,130,322,0,0,109,0,2.4,1
616,67,0,2,115,564,0,0,160,0,1.6,1
617,57,1,1,124,261,0,1,141,0,0.3,2
618,64,1,0,128,263,0,1,105,1,0.2,1
619,74,0,1,120,269,0,0,121,1,0.2,2
620,65,1,0,120,177,0,1,140,0,0.4,2
621,56,1,2,130,256,1,0,142,1,0.6,1
622,59,1,0,110,239,0,0,142,1,1.2,1
623,60,1,0,140,293,0,0,170,0,1.2,1
624,63,0,0,150,407,0,0,154,0,4.0,1
625,59,1,0,135,234,0,1,161,0,0.5,1
626,53,1,0,142,226,0,0,111,1,0.0,2
627,44,1,2,140,235,0,0,180,0,0.0,2
628,61,1,3,134,234,0,1,145,0,2.6,1
629,57,0,0,128,303,0,0,159,0,0.0,2
630,71,0,0,112,149,0,1,125,0,1.6,1
631,46,1,0,140,311,0,1,120,1,1.8,1
632,53,1,0,140,203,1,0,155,1,3.1,0
633,64,1,3,110,211,0,0,144,1,1.8,1
634,40,1,3,140,199,0,1,178,1,1.4,2
635,67,1,0,120,229,0,0,129,1,2.6,1
636,48,1,1,130,245,0,0,180,0,0.2,1
637,43,1,0,115,303,0,1,181,0,1.2,1
638,47,1,0,112,204,0,1,143,0,0.1,2
639,54,0,1,132,288,1,0,159,1,0.0,2
640,48,0,2,130,275,0,1,139,0,0.2,2
641,46,0,0,138,243,0,0,152,1,0.0,1
642,51,0,2,120,295,0,0,157,0,0.6,2
643,58,1,2,112,230,0,0,165,0,2.5,1
644,71,0,2,110,265,1,0,130,0,0.0,2
645,57,1,2,128,229,0,0,150,0,0.4,1
646,66,1,0,160,228,0,0,138,0,2.3,2
647,37,0,2,120,215,0,1,170,0,0.0,2
648,59,1,0,170,326,0,0,140,1,3.4,0
649,50,1,0,144,200,0,0,126,1,0.9,1
650,48,1,0,130,256,1,0,150,1,0.0,2
651,61,1,0,140,207,0,0,138,1,1.9,2
652,59,1,3,160,273,0,0,125,0,0.0,2
653,42,1,2,130,180,0,1,150,0,0.0,2
654,48,1,0,122,222,0,0,186,0,0.0,2
655,40,1,0,152,223,0,1,181,0,0.0,2
656,62,0,0,124,209,0,1,163,0,0.0,2
657,44,1,2,130,233,0,1,179,1,0.4,2
658,46,1,1,101,197,1,1,156,0,0.0,2
659,59,1,2,126,218,1,1,134,0,2.2,1
660,58,1,2,140,211,1,0,165,0,0.0,2
661,49,1,2,118,149,0,0,126,0,0.8,2
662,44,1,0,110,197,0,0,177,0,0.0,2
663,66,1,1,160,246,0,1,120,1,0.0,1
664,65,0,0,150,225,0,0,114,0,1.0,1
665,42,1,0,136,315,0,1,125,1,1.8,1
666,52,1,1,128,205,1,1,184,0,0.0,2
667,65,0,2,140,417,1,0,157,0,0.8,2
668,63,0,1,140,195,0,1,179,0,0.0,2
669,45,0,1,130,234,0,0,175,0,0.6,1
670,41,0,1,105,198,0,1,168,0,0.0,2
671,61,1,0,138,166,0,0,125,1,3.6,1
672,60,0,2,120,178,1,1,96,0,0.0,2
673,59,0,0,174,249,0,1,143,1,0.0,1
674,62,1,1,120,281,0,0,103,0,1.4,1
675,57,1,2,150,126,1,1,173,0,0.2,2
676,51,0,0,130,305,0,1,142,1,1.2,1
677,44,1,2,120,226,0,1,169,0,0.0,2
678,60,0,3,150,240,0,1,171,0,0.9,2
679,63,1,3,145,233,1,0,150,0,2.3,0
680,57,1,0,150,276,0,0,112,1,0.6,1
681,51,1,0,140,261,0,0,186,1,0.0,2
682,58,0,1,136,319,1,0,152,0,0.0,2
683,44,0,2,118,242,0,1,149,0,0.3,1
684,47,1,2,108,243,0,1,152,0,0.0,2
685,61,1,0,120,260,0,1,140,1,3.6,1
686,57,0,0,120,354,0,1,163,1,0.6,2
687,70,1,1,156,245,0,0,143,0,0.0,2
688,76,0,2,140,197,0,2,116,0,1.1,1
689,67,0,0,106,223,0,1,142,0,0.3,2
690,45,1,0,142,309,0,0,147,1,0.0,1
691,45,1,0,104,208,0,0,148,1,3.0,1
692,39,0,2,94,199,0,1,179,0,0.0,2
693,42,0,2,120,209,0,1,173,0,0.0,1
694,56,1,1,120,236,0,1,178,0,0.8,2
695,58,1,0,146,218,0,1,105,0,2.0,1
696,35,1,0,120,198,0,1,130,1,1.6,1
697,58,1,0,150,270,0,0,111,1,0.8,2
698,41,1,2,130,214,0,0,168,0,2.0,1
699,57,1,0,110,201,0,1,126,1,1.5,1
700,42,1,3,148,244,0,0,178,0,0.8,2
701,62,1,1,128,208,1,0,140,0,0.0,2
702,59,1,3,178,270,0,0,145,0,4.2,0
703,41,0,1,126,306,0,1,163,0,0.0,2
704,50,1,0,150,243,0,0,128,0,2.6,1
705,59,1,1,140,221,0,1,164,1,0.0,2
706,61,0,0,130,330,0,0,169,0,0.0,2
707,54,1,0,124,266,0,0,109,1,2.2,1
708,54,1,0,110,206,0,0,108,1,0.0,1
709,52,1,0,125,212,0,1,168,0,1.0,2
710,47,1,0,110,275,0,0,118,1,1.0,1
711,66,1,0,120,302,0,0,151,0,0.4,1
712,58,1,0,100,234,0,1,156,0,0.1,2
713,64,0,2,140,313,0,1,133,0,0.2,2
714,50,0,1,120,244,0,1,162,0,1.1,2
715,44,0,2,108,141,0,1,175,0,0.6,1
716,67,1,0,120,237,0,1,71,0,1.0,1
717,49,0,0,130,269,0,1,163,0,0.0,2
718,57,1,0,165,289,1,0,124,0,1.0,1
719,63,1,0,130,254,0,0,147,0,1.4,1
720,48,1,0,124,274,0,0,166,0,0.5,1
721,51,1,2,100,222,0,1,143,1,1.2,1
722,60,0,0,150,258,0,0,157,0,2.6,1
723,59,1,0,140,177,0,1,162,1,0.0,2
724,45,0,1,112,160,0,1,138,0,0.0,1
725,55,0,0,180,327,0,2,117,1,3.4,1
726,41,1,1,110,235,0,1,153,0,0.0,2
727,60,0,0,158,305,0,0,161,0,0.0,2
728,54,0,2,135,304,1,1,170,0,0.0,2
729,42,1,1,120,295,0,1,162,0,0.0,2
730,49,0,1,134,271,0,1,162,0,0.0,1
731,46,1,0,120,249,0,0,144,0,0.8,2
732,56,0,0,200,288,1,0,133,1,4.0,0
733,66,0,3,150,226,0,1,114,0,2.6,0
734,56,1,0,130,283,1,0,103,1,1.6,0
735,49,1,2,120,188,0,1,139,0,2.0,1
736,54,1,0,122,286,0,0,116,1,3.2,1
737,57,1,0,152,274,0,1,88,1,1.2,1
738,65,0,2,160,360,0,0,151,0,0.8,2
739,54,1,2,125,273,0,0,152,0,0.5,0
740,54,0,2,160,201,0,1,163,0,0.0,2
741,62,1,0,120,267,0,1,99,1,1.8,1
742,52,0,2,136,196,0,0,169,0,0.1,1
743,52,1,1,134,201,0,1,158,0,0.8,2
744,60,1,0,117,230,1,1,160,1,1.4,2
745,63,0,0,108,269,0,1,169,1,1.8,1
746,66,1,0,112,212,0,0,132,1,0.1,2
747,42,1,0,140,226,0,1,178,0,0.0,2
748,64,1,0,120,246,0,0,96,1,2.2,0
749,54,1,2,150,232,0,0,165,0,1.6,2
750,46,0,2,142,177,0,0,160,1,1.4,0
751,67,0,2,152,277,0,1,172,0,0.0,2
752,56,1,0,125,249,1,0,144,1,1.2,1
753,34,0,1,118,210,0,1,192,0,0.7,2
754,57,1,0,132,207,0,1,168,1,0.0,2
755,64,1,0,145,212,0,0,132,0,2.0,1
756,59,1,0,138,271,0,0,182,0,0.0,2
757,50,1,2,140,233,0,1,163,0,0.6,1
758,51,1,3,125,213,0,0,125,1,1.4,2
759,54,1,1,192,283,0,0,195,0,0.0,2
760,53,1,0,123,282,0,1,95,1,2.0,1
761,52,1,0,112,230,0,1,160,0,0.0,2
762,40,1,0,110,167,0,0,114,1,2.0,1
763,58,1,2,132,224,0,0,173,0,3.2,2
764,41,0,2,112,268,0,0,172,1,0.0,2
765,41,1,2,112,250,0,1,179,0,0.0,2
766,50,0,2,120,219,0,1,158,0,1.6,1
767,54,0,2,108,267,0,0,167,0,0.0,2
768,64,0,0,130,303,0,1,122,0,2.0,1
769,51,0,2,130,256,0,0,149,0,0.5,2
770,46,0,1,105,204,0,1,172,0,0.0,2
771,55,1,0,140,217,0,1,111,1,5.6,0
772,45,1,1,128,308,0,0,170,0,0.0,2
773,56,1,3,120,193,0,0,162,0,1.9,1
774,66,0,0,178,228,1,1,165,1,1.0,1
775,38,1,3,120,231,0,1,182,1,3.8,1
776,62,0,0,150,244,0,1,154,1,1.4,1
777,55,1,1,130,262,0,1,155,0,0.0,2
778,58,1,0,128,259,0,0,130,1,3.0,1
779,43,1,0,110,211,0,1,161,0,0.0,2
780,64,0,0,180,325,0,1,154,1,0.0,2
781,50,0,0,110,254,0,0,159,0,0.0,2
782,53,1,2,130,197,1,0,152,0,1.2,0
783,45,0,0,138,236,0,0,152,1,0.2,1
784,65,1,3,138,282,1,0,174,0,1.4,1
785,69,1,3,160,234,1,0,131,0,0.1,1
786,69,1,2,140,254,0,0,146,0,2.0,1
787,67,1,0,100,299,0,0,125,1,0.9,1
788,68,0,2,120,211,0,0,115,0,1.5,1
789,34,1,3,118,182,0,0,174,0,0.0,2
790,62,0,0,138,294,1,1,106,0,1.9,1
791,51,1,0,140,298,0,1,122,1,4.2,1
792,46,1,2,150,231,0,1,147,0,3.6,1
793,67,1,0,125,254,1,1,163,0,0.2,1
794,50,1,2,129,196,0,1,163,0,0.0,2
795,42,1,2,120,240,1,1,194,0,0.8,0
796,56,0,0,134,409,0,0,150,1,1.9,1
797,41,1,0,110,172,0,0,158,0,0.0,2
798,42,0,0,102,265,0,0,122,0,0.6,1
799,53,1,2,130,246,1,0,173,0,0.0,2
800,43,1,2,130,315,0,1,162,0,1.9,2
801,56,1,0,132,184,0,0,105,1,2.1,1
802,52,1,0,108,233,1,1,147,0,0.1,2
803,62,0,0,140,394,0,0,157,0,1.2,1
804,70,1,2,160,269,0,1,112,1,2.9,1
805,54,1,0,140,239,0,1,160,0,1.2,2
806,70,1,0,145,174,0,1,125,1,2.6,0
807,54,1,1,108,309,0,1,156,0,0.0,2
808,35,1,0,126,282,0,0,156,1,0.0,2
809,48,1,2,124,255,1,1,175,0,0.0,2
810,55,0,1,135,250,0,0,161,0,1.4,1
811,58,0,0,100,248,0,0,122,0,1.0,1
812,54,0,2,110,214,0,1,158,0,1.6,1
813,69,0,3,140,239,0,1,151,0,1.8,2
814,77,1,0,125,304,0,0,162,1,0.0,2
815,68,1,2,118,277,0,1,151,0,1.0,2
816,58,1,0,125,300,0,0,171,0,0.0,2
817,60,1,0,125,258,0,0,141,1,2.8,1
818,51,1,0,140,299,0,1,173,1,1.6,2
819,55,1,0,160,289,0,0,145,1,0.8,1
820,52,1,3,152,298,1,1,178,0,1.2,1
821,60,0,2,102,318,0,1,160,0,0.0,2
822,58,1,2,105,240,0,0,154,1,0.6,1
823,64,1,2,125,309,0,1,131,1,1.8,1
824,37,1,2,130,250,0,1,187,0,3.5,0
825,59,1,3,170,288,0,0,159,0,0.2,1
826,51,1,2,125,245,1,0,166,0,2.4,1
827,43,0,2,122,213,0,1,165,0,0.2,1
828,58,1,0,128,216,0,0,131,1,2.2,1
829,29,1,1,130,204,0,0,202,0,0.0,2
830,41,0,1,130,204,0,0,172,0,1.4,2
831,63,0,2,135,252,0,0,172,0,0.0,2
832,51,1,2,94,227,0,1,154,1,0.0,2
833,54,1,2,120,258,0,0,147,0,0.4,1
834,44,1,1,120,220,0,1,170,0,0.0,2
835,54,1,0,110,239,0,1,126,1,2.8,1
836,65,1,0,135,254,0,0,127,0,2.8,1
837,57,1,2,150,168,0,1,174,0,1.6,2
838,63,1,0,130,330,1,0,132,1,1.8,2
839,35,0,0,138,183,0,1,182,0,1.4,2
840,41,1,1,135,203,0,1,132,0,0.0,1
841,62,0,2,130,263,0,1,97,0,1.2,1
842,43,0,0,132,341,1,0,136,1,3.0,1
843,58,0,3,150,283,1,0,162,0,1.0,2
844,52,1,3,118,186,0,0,190,0,0.0,1
845,61,0,0,145,307,0,0,146,1,1.0,1
846,39,1,0,118,219,0,1,140,0,1.2,1
847,45,1,0,115,260,0,0,185,0,0.0,2
848,52,1,0,128,255,0,1,161,1,0.0,2
849,62,1,2,130,231,0,1,146,0,1.8,1
850,62,0,0,160,164,0,0,145,0,6.2,0
851,53,0,0,138,234,0,0,160,0,0.0,2
852,43,1,0,120,177,0,0,120,1,2.5,1
853,47,1,2,138,257,0,0,156,0,0.0,2
854,52,1,1,120,325,0,1,172,0,0.2,2
855,68,1,2,180,274,1,0,150,1,1.6,1
856,39,1,2,140,321,0,0,182,0,0.0,2
857,53,0,0,130,264,0,0,143,0,0.4,1
858,62,0,0,140,268,0,0,160,0,3.6,0
859,51,0,2,140,308,0,0,142,0,1.5,2
860,60,1,0,130,253,0,1,144,1,1.4,2
861,65,1,0,110,248,0,0,158,0,0.6,2
862,65,0,2,155,269,0,1,148,0,0.8,2
863,60,1,2,140,185,0,0,155,0,3.0,1
864,60,1,0,145,282,0,0,142,1,2.8,1
865,54,1,0,120,188,0,1,113,0,1.4,1
866,44,1,1,130,219,0,0,188,0,0.0,2
867,44,1,0,112,290,0,0,153,0,0.0,2
868,51,1,2,110,175,0,1,123,0,0.6,2
869,59,1,2,150,212,1,1,157,0,1.6,2
870,71,0,1,160,302,0,1,162,0,0.4,2
871,61,1,2,150,243,1,1,137,1,1.0,1
872,55,1,0,132,353,0,1,132,1,1.2,1
873,64,1,2,140,335,0,1,158,0,0.0,2
874,43,1,0,150,247,0,1,171,0,1.5,2
875,58,0,2,120,340,0,1,172,0,0.0,2
876,60,1,0,130,206,0,0,132,1,2.4,1
877,58,1,1,120,284,0,0,160,0,1.8,1
878,49,1,1,130,266,0,1,171,0,0.6,2
879,48,1,1,110,229,0,1,168,0,1.0,0
880,52,1,2,172,199,1,1,162,0,0.5,2
881,44,1,1,120,263,0,1,173,0,0.0,2
882,56,0,1,140,294,0,0,153,0,1.3,1
883,57,1,0,140,192,0,1,148,0,0.4,1
884,67,1,0,160,286,0,0,108,1,1.5,1
885,53,0,2,128,216,0,0,115,0,0.0,2
886,52,1,2,138,223,0,1,169,0,0.0,2
887,43,1,0,132,247,1,0,143,1,0.1,1
888,52,1,0,128,204,1,1,156,1,1.0,1
889,59,1,3,134,204,0,1,162,0,0.8,2
890,64,1,3,170,227,0,0,155,0,0.6,1
891,66,0,2,146,278,0,0,152,0,0.0,1
892,39,0,2,138,220,0,1,152,0,0.0,1
893,57,1,1,154,232,0,0,164,0,0.0,2
894,58,0,0,130,197,0,1,131,0,0.6,1
895,57,1,0,110,335,0,1,143,1,3.0,1
896,47,1,2,130,253,0,1,179,0,0.0,2
897,55,0,0,128,205,0,2,130,1,2.0,1
898,35,1,1,122,192,0,1,174,0,0.0,2
899,61,1,0,148,203,0,1,161,0,0.0,2
900,58,1,0,114,318,0,2,140,0,4.4,0
901,58,0,0,170,225,1,0,146,1,2.8,1
902,58,1,1,125,220,0,1,144,0,0.4,1
903,56,1,1,130,221,0,0,163,0,0.0,2
904,56,1,1,120,240,0,1,169,0,0.0,0
905,67,1,2,152,212,0,0,150,0,0.8,1
906,55,0,1,132,342,0,1,166,0,1.2,2
907,44,1,0,120,169,0,1,144,1,2.8,0
908,63,1,0,140,187,0,0,144,1,4.0,2
909,63,0,0,124,197,0,1,136,1,0.0,1
910,41,1,1,120,157,0,1,182,0,0.0,2
911,59,1,0,164,176,1,0,90,0,1.0,1
912,57,0,0,140,241,0,1,123,1,0.2,1
913,45,1,3,110,264,0,1,132,0,1.2,1
914,68,1,0,144,193,1,1,141,0,3.4,1
915,57,1,0,130,131,0,1,115,1,1.2,1
916,57,0,1,130,236,0,0,174,0,0.0,1
917,38,1,2,138,175,0,1,173,0,0.0,2
